3.0000e+03	1.1477e+32
3.0360e+03	9.1778e+31
3.0720e+03	5.3780e+31
3.1080e+03	2.7997e+31
3.1440e+03	2.1363e+31
3.1800e+03	1.4905e+30
3.2160e+03	1.6365e+30
3.2520e+03	4.5416e+30
3.2880e+03	2.9743e+30
3.3240e+03	2.7273e+30
3.3600e+03	8.0058e+30
3.3960e+03	5.3860e+30
3.4320e+03	3.3824e+30
3.4680e+03	4.4334e+30
3.5040e+03	5.1900e+30
3.5400e+03	3.8008e+30
3.5760e+03	5.3787e+31
3.6120e+03	2.2836e+32
3.6480e+03	2.9646e+32
3.6840e+03	3.4343e+32
3.7200e+03	5.2599e+32
3.7560e+03	3.8554e+32
3.7920e+03	3.0030e+32
3.8280e+03	3.0957e+32
3.8640e+03	1.9914e+32
3.9000e+03	1.0534e+32
3.9360e+03	5.3754e+32
3.9720e+03	4.1035e+33
4.0080e+03	6.6131e+33
4.0440e+03	3.2058e+34
4.0800e+03	4.7147e+34
4.1160e+03	1.5520e+34
4.1520e+03	4.9555e+33
4.1880e+03	4.0918e+33
4.2240e+03	6.7558e+33
4.2600e+03	3.4011e+33
4.2960e+03	9.4520e+32
4.3320e+03	5.4415e+32
4.3680e+03	4.7011e+32
4.4040e+03	5.6844e+32
4.4400e+03	5.5336e+32
4.4760e+03	5.9490e+32
4.5120e+03	4.4299e+32
4.5480e+03	4.6812e+32
4.5840e+03	7.5495e+32
4.6200e+03	4.7215e+32
4.6560e+03	7.2374e+32
4.6920e+03	5.8771e+32
4.7280e+03	4.8200e+32
4.7640e+03	5.6082e+32
4.8000e+03	7.2913e+32
4.8360e+03	1.7943e+33
4.8720e+03	2.5812e+33
4.9080e+03	2.7085e+33
4.9440e+03	2.5640e+33
4.9800e+03	2.5713e+33
5.0160e+03	2.6787e+33
5.0520e+03	2.5851e+33
5.0880e+03	2.9490e+33
5.1240e+03	3.7801e+33
5.1600e+03	3.9861e+33
5.1960e+03	2.9095e+33
5.2320e+03	1.4641e+33
5.2680e+03	1.9842e+33
5.3040e+03	1.1851e+33
5.3400e+03	5.0145e+32
5.3760e+03	3.9312e+32
5.4120e+03	3.6262e+32
5.4480e+03	2.5877e+32
5.4840e+03	2.3873e+32
5.5200e+03	4.1510e+32
5.5560e+03	3.6056e+32
5.5920e+03	1.4699e+32
5.6280e+03	1.0834e+32
5.6640e+03	7.7039e+31
5.7000e+03	3.2608e+31
5.7360e+03	3.0351e+31
5.7720e+03	2.0793e+31
5.8080e+03	1.2256e+32
5.8440e+03	9.8597e+32
5.8800e+03	3.0237e+33
5.9160e+03	2.5556e+33
5.9520e+03	9.3675e+32
5.9880e+03	3.9254e+31
6.0240e+03	1.5513e+30
6.0600e+03	4.9001e+33
6.0960e+03	2.4104e+34
6.1320e+03	6.4970e+34
6.1680e+03	9.6544e+34
6.2040e+03	1.1184e+35
6.2400e+03	1.1198e+35
6.2760e+03	1.1349e+35
6.3120e+03	1.1553e+35
6.3480e+03	1.1423e+35
6.3840e+03	1.1271e+35
6.4200e+03	1.1721e+35
6.4560e+03	1.1248e+35
6.4920e+03	7.4269e+34
6.5280e+03	6.3300e+34
6.5640e+03	4.9193e+34
6.6000e+03	3.8739e+34
6.6360e+03	2.4596e+34
6.6720e+03	2.0724e+34
6.7080e+03	2.2504e+34
6.7440e+03	2.0934e+34
6.7800e+03	1.5351e+34
6.8160e+03	8.1654e+33
6.8520e+03	3.7700e+33
6.8880e+03	3.0307e+33
6.9240e+03	3.0711e+33
6.9600e+03	7.0663e+33
6.9960e+03	1.1264e+34
7.0320e+03	1.2343e+34
7.0680e+03	1.2851e+34
7.1040e+03	2.3568e+34
7.1400e+03	5.8588e+34
7.1760e+03	2.0969e+35
7.2120e+03	7.6632e+35
7.2480e+03	1.8864e+36
7.2840e+03	3.0852e+36
7.3200e+03	3.1796e+36
7.3560e+03	2.2961e+36
7.3920e+03	1.1197e+36
7.4280e+03	3.7952e+35
7.4640e+03	1.0038e+35
7.5000e+03	2.9073e+34
7.5360e+03	1.3877e+34
7.5720e+03	1.3070e+34
7.6080e+03	1.2719e+34
7.6440e+03	7.9286e+33
7.6800e+03	2.9150e+33
7.7160e+03	1.1054e+33
7.7520e+03	4.0357e+32
7.7880e+03	8.7202e+31
7.8240e+03	3.9847e+31
7.8600e+03	3.3060e+31
7.8960e+03	4.9090e+31
7.9320e+03	9.2423e+31
7.9680e+03	1.5364e+32
8.0040e+03	3.1076e+32
8.0400e+03	5.4140e+32
8.0760e+03	8.3430e+32
8.1120e+03	8.2977e+32
8.1480e+03	6.9229e+32
8.1840e+03	5.0368e+32
8.2200e+03	2.0171e+32
8.2560e+03	9.9549e+31
8.2920e+03	1.6379e+32
8.3280e+03	2.6938e+32
8.3640e+03	4.1484e+32
8.4000e+03	1.6127e+33
8.4360e+03	4.1105e+33
8.4720e+03	1.1285e+34
8.5080e+03	1.5797e+34
8.5440e+03	1.7082e+34
8.5800e+03	1.3734e+34
8.6160e+03	1.2680e+34
8.6520e+03	1.1618e+34
8.6880e+03	9.4312e+33
8.7240e+03	5.5439e+33
8.7600e+03	1.6594e+33
8.7960e+03	7.8709e+32
8.8320e+03	8.5493e+32
8.8680e+03	1.7728e+33
8.9040e+03	3.0984e+33
8.9400e+03	7.6864e+33
8.9760e+03	2.6413e+34
9.0120e+03	4.1425e+34
9.0480e+03	5.4800e+34
9.0840e+03	5.8824e+34
9.1200e+03	4.9554e+34
9.1560e+03	2.6222e+34
9.1920e+03	1.2356e+34
9.2280e+03	5.3491e+33
9.2640e+03	3.9265e+33
9.3000e+03	5.0676e+33
9.3360e+03	7.9790e+33
9.3720e+03	1.2771e+34
9.4080e+03	3.0381e+34
9.4440e+03	6.2532e+34
9.4800e+03	1.1696e+35
9.5160e+03	1.3850e+35
9.5520e+03	1.3864e+35
9.5880e+03	1.1737e+35
9.6240e+03	6.2491e+34
9.6600e+03	2.9175e+34
9.6960e+03	1.0397e+34
9.7320e+03	4.7086e+33
9.7680e+03	1.8864e+33
9.8040e+03	1.2257e+33
9.8400e+03	1.1485e+33
9.8760e+03	1.2959e+33
9.9120e+03	1.5664e+33
9.9480e+03	1.6508e+33
9.9840e+03	1.6230e+33
1.0020e+04	1.5409e+33
1.0056e+04	1.9290e+33
1.0092e+04	3.1114e+33
1.0128e+04	4.8342e+33
1.0164e+04	7.2334e+33
1.0200e+04	1.0053e+34
1.0236e+04	1.2692e+34
1.0272e+04	1.4461e+34
1.0308e+04	1.4999e+34
1.0344e+04	1.3324e+34
1.0380e+04	1.0408e+34
1.0416e+04	6.8728e+33
1.0452e+04	3.4990e+33
1.0488e+04	1.6493e+33
1.0524e+04	1.1805e+33
1.0560e+04	9.4141e+32
1.0596e+04	5.8011e+32
1.0632e+04	2.8929e+32
1.0668e+04	1.2569e+32
1.0704e+04	5.6610e+31
1.0740e+04	3.5782e+31
1.0776e+04	3.4188e+31
1.0812e+04	4.8970e+31
1.0848e+04	9.4772e+31
1.0884e+04	1.6870e+32
1.0920e+04	2.5426e+32
1.0956e+04	3.0123e+32
1.0992e+04	2.9436e+32
1.1028e+04	2.3714e+32
1.1064e+04	1.4422e+32
1.1100e+04	7.1415e+31
1.1136e+04	6.3604e+31
1.1172e+04	1.3854e+32
1.1208e+04	2.5790e+32
1.1244e+04	3.6497e+32
1.1280e+04	3.9676e+32
1.1316e+04	3.6610e+32
1.1352e+04	2.6029e+32
1.1388e+04	1.3959e+32
1.1424e+04	8.8467e+31
1.1460e+04	2.4285e+31
1.1496e+04	5.1068e+30
1.1532e+04	3.6545e+30
1.1568e+04	3.6099e+30
1.1604e+04	2.5084e+30
1.1640e+04	1.8195e+30
1.1676e+04	1.1168e+30
1.1712e+04	5.3623e+29
1.1748e+04	1.2229e+29
1.1784e+04	1.4054e+29
1.1820e+04	1.4266e+29
1.1856e+04	1.6450e+29
1.1892e+04	2.0934e+29
1.1928e+04	2.5729e+29
1.1964e+04	2.6687e+29
1.2000e+04	3.8483e+29
1.2036e+04	4.7588e+29
1.2072e+04	3.9582e+29
1.2108e+04	3.4385e+29
1.2144e+04	3.3906e+29
1.2180e+04	3.2502e+29
1.2216e+04	3.4416e+29
1.2252e+04	3.6142e+29
1.2288e+04	4.0366e+29
1.2324e+04	1.5082e+30
1.2360e+04	3.3554e+31
1.2396e+04	2.3953e+32
1.2432e+04	4.3774e+32
1.2468e+04	9.8032e+32
1.2504e+04	1.6190e+33
1.2540e+04	2.0152e+33
1.2576e+04	2.0827e+33
1.2612e+04	2.0243e+33
1.2648e+04	1.5575e+33
1.2684e+04	1.3761e+33
1.2720e+04	9.5559e+32
1.2756e+04	6.7067e+32
1.2792e+04	6.2021e+32
1.2828e+04	6.6980e+32
1.2864e+04	7.1847e+32
1.2900e+04	7.2300e+32
1.2936e+04	6.9718e+32
1.2972e+04	6.7322e+32
1.3008e+04	5.7233e+32
1.3044e+04	4.6821e+32
1.3080e+04	4.2768e+32
1.3116e+04	4.9373e+32
1.3152e+04	5.4187e+32
1.3188e+04	6.8333e+32
1.3224e+04	7.1647e+32
1.3260e+04	7.2811e+32
1.3296e+04	5.9298e+32
1.3332e+04	4.1983e+32
1.3368e+04	2.8353e+32
1.3404e+04	1.1970e+32
1.3440e+04	6.6566e+31
1.3476e+04	1.5104e+31
1.3512e+04	4.8724e+30
1.3548e+04	7.3213e+29
1.3584e+04	7.2147e+29
1.3620e+04	6.7448e+29
1.3656e+04	6.6532e+29
1.3692e+04	5.9348e+29
1.3728e+04	5.1395e+29
1.3764e+04	3.1982e+29
1.3800e+04	2.4427e+29
1.3836e+04	1.4434e+29
1.3872e+04	1.9485e+29
1.3908e+04	2.3682e+29
1.3944e+04	3.1120e+29
1.3980e+04	3.5609e+29
1.4016e+04	4.0046e+29
1.4052e+04	7.9348e+29
1.4088e+04	1.0031e+30
1.4124e+04	1.9018e+30
1.4160e+04	2.2378e+30
1.4196e+04	2.5144e+30
1.4232e+04	2.4919e+30
1.4268e+04	1.9002e+30
1.4304e+04	1.3814e+30
1.4340e+04	6.3525e+29
1.4376e+04	3.6578e+29
1.4412e+04	1.5948e+29
1.4448e+04	1.7194e+29
1.4484e+04	3.3972e+29
1.4520e+04	4.7513e+29
1.4556e+04	7.5610e+29
1.4592e+04	8.4555e+29
1.4628e+04	8.5827e+29
1.4664e+04	8.7453e+29
1.4700e+04	7.7939e+29
1.4736e+04	4.0069e+30
1.4772e+04	8.4070e+30
1.4808e+04	1.5526e+31
1.4844e+04	3.5381e+31
1.4880e+04	4.7284e+31
1.4916e+04	6.7368e+31
1.4952e+04	7.2995e+31
1.4988e+04	7.3024e+31
1.5024e+04	6.7750e+31
1.5060e+04	4.9297e+31
1.5096e+04	6.2121e+31
1.5132e+04	8.3373e+31
1.5168e+04	1.1631e+32
1.5204e+04	2.5876e+32
1.5240e+04	3.6799e+32
1.5276e+04	5.5921e+32
1.5312e+04	7.9756e+32
1.5348e+04	9.3009e+32
1.5384e+04	1.1754e+33
1.5420e+04	1.2202e+33
1.5456e+04	1.1308e+33
1.5492e+04	1.0615e+33
1.5528e+04	9.3868e+32
1.5564e+04	7.6349e+32
1.5600e+04	4.6413e+32
1.5636e+04	3.3648e+32
1.5672e+04	1.3843e+32
1.5708e+04	8.2795e+31
1.5744e+04	5.1456e+31
1.5780e+04	7.0695e+31
1.5816e+04	9.3320e+31
1.5852e+04	1.8398e+32
1.5888e+04	2.3636e+32
1.5924e+04	2.8726e+32
1.5960e+04	3.5299e+32
1.5996e+04	3.5551e+32
1.6032e+04	3.5563e+32
1.6068e+04	3.0070e+32
1.6104e+04	2.5681e+32
1.6140e+04	2.2023e+32
1.6176e+04	1.8583e+32
1.6212e+04	3.1509e+32
1.6248e+04	4.5086e+32
1.6284e+04	6.3655e+32
1.6320e+04	1.0580e+33
1.6356e+04	1.2712e+33
1.6392e+04	1.4009e+33
1.6428e+04	1.5033e+33
1.6464e+04	1.5100e+33
1.6500e+04	1.3929e+33
1.6536e+04	1.2855e+33
1.6572e+04	8.9615e+32
1.6608e+04	7.6217e+32
1.6644e+04	6.3459e+32
1.6680e+04	5.1314e+32
1.6716e+04	4.6496e+32
1.6752e+04	4.4538e+32
1.6788e+04	4.1276e+32
1.6824e+04	3.4223e+32
1.6860e+04	2.9170e+32
1.6896e+04	2.3374e+32
1.6932e+04	1.4619e+32
1.6968e+04	1.1431e+32
1.7004e+04	9.6528e+31
1.7040e+04	9.2497e+31
1.7076e+04	1.0654e+32
1.7112e+04	1.2050e+32
1.7148e+04	1.5229e+32
1.7184e+04	1.7737e+32
1.7220e+04	1.9861e+32
1.7256e+04	2.2012e+32
1.7292e+04	2.3999e+32
1.7328e+04	2.8043e+32
1.7364e+04	2.6765e+32
1.7400e+04	2.6277e+32
1.7436e+04	2.4703e+32
1.7472e+04	2.0204e+32
1.7508e+04	1.5747e+32
1.7544e+04	1.2431e+32
1.7580e+04	9.0450e+31
1.7616e+04	4.2950e+31
1.7652e+04	2.4784e+31
1.7688e+04	1.6184e+31
1.7724e+04	3.4125e+31
1.7760e+04	5.8178e+31
1.7796e+04	9.8069e+31
1.7832e+04	1.5476e+32
1.7868e+04	2.2449e+32
1.7904e+04	3.8799e+32
1.7940e+04	4.6087e+32
1.7976e+04	5.2195e+32
1.8012e+04	5.6581e+32
1.8048e+04	5.8803e+32
1.8084e+04	5.3312e+32
1.8120e+04	4.7646e+32
1.8156e+04	4.0357e+32
1.8192e+04	3.2580e+32
1.8228e+04	2.3987e+32
1.8264e+04	1.4765e+32
1.8300e+04	6.6832e+31
1.8336e+04	3.5940e+31
1.8372e+04	1.6108e+31
1.8408e+04	4.6467e+30
1.8444e+04	1.1819e+30
1.8480e+04	1.2989e+29
1.8516e+04	1.1608e+29
1.8552e+04	1.3597e+29
1.8588e+04	1.5578e+29
1.8624e+04	1.9608e+29
1.8660e+04	2.7496e+29
1.8696e+04	5.6647e+29
1.8732e+04	1.7144e+30
1.8768e+04	5.5455e+30
1.8804e+04	2.2409e+31
1.8840e+04	3.5616e+31
1.8876e+04	5.0646e+31
1.8912e+04	6.7589e+31
1.8948e+04	8.4423e+31
1.8984e+04	9.6540e+31
1.9020e+04	1.0517e+32
1.9056e+04	1.0642e+32
1.9092e+04	9.8576e+31
1.9128e+04	8.7497e+31
1.9164e+04	7.1761e+31
1.9200e+04	5.6177e+31
1.9236e+04	4.2999e+31
1.9272e+04	3.5850e+31
1.9308e+04	3.0380e+31
1.9344e+04	2.5917e+31
1.9380e+04	3.3253e+31
1.9416e+04	4.3229e+31
1.9452e+04	4.9790e+31
1.9488e+04	5.5101e+31
1.9524e+04	5.5424e+31
1.9560e+04	5.6375e+31
1.9596e+04	5.2268e+31
1.9632e+04	3.6310e+31
1.9668e+04	2.7715e+31
1.9704e+04	2.1016e+31
1.9740e+04	1.5648e+31
1.9776e+04	1.1727e+31
1.9812e+04	1.0284e+31
1.9848e+04	9.6933e+30
1.9884e+04	1.0671e+31
1.9920e+04	1.2824e+31
1.9956e+04	1.6826e+31
1.9992e+04	1.8305e+31
2.0028e+04	1.9471e+31
2.0064e+04	2.0265e+31
2.0100e+04	2.0053e+31
2.0136e+04	1.8889e+31
2.0172e+04	1.6620e+31
2.0208e+04	1.3776e+31
2.0244e+04	1.3125e+31
2.0280e+04	1.1342e+31
2.0316e+04	1.1438e+31
2.0352e+04	1.2502e+31
2.0388e+04	1.3149e+31
2.0424e+04	1.3721e+31
2.0460e+04	1.3531e+31
2.0496e+04	1.3249e+31
2.0532e+04	1.1979e+31
2.0568e+04	1.0277e+31
2.0604e+04	7.7482e+30
2.0640e+04	5.6240e+30
2.0676e+04	4.0033e+30
2.0712e+04	2.7154e+30
2.0748e+04	2.0968e+30
2.0784e+04	2.0862e+30
2.0820e+04	2.3918e+30
2.0856e+04	3.8250e+30
2.0892e+04	4.3880e+30
2.0928e+04	4.8208e+30
2.0964e+04	4.9111e+30
