3.0000e+03	2.2083e+35
3.0360e+03	3.5487e+34
3.0720e+03	2.9732e+34
3.1080e+03	2.6699e+34
3.1440e+03	3.1173e+34
3.1800e+03	3.8655e+34
3.2160e+03	5.7137e+34
3.2520e+03	8.7111e+34
3.2880e+03	6.7070e+34
3.3240e+03	7.8471e+34
3.3600e+03	9.5767e+34
3.3960e+03	4.3677e+34
3.4320e+03	3.2358e+34
3.4680e+03	3.1067e+34
3.5040e+03	2.7976e+34
3.5400e+03	1.9472e+34
3.5760e+03	1.6242e+34
3.6120e+03	1.9259e+34
3.6480e+03	3.0808e+34
3.6840e+03	1.0520e+35
3.7200e+03	2.1789e+35
3.7560e+03	1.7241e+35
3.7920e+03	1.0418e+35
3.8280e+03	8.9463e+34
3.8640e+03	9.6142e+34
3.9000e+03	4.0620e+35
3.9360e+03	1.4148e+36
3.9720e+03	1.6065e+36
4.0080e+03	2.0374e+36
4.0440e+03	3.6561e+36
4.0800e+03	4.3245e+36
4.1160e+03	2.5283e+36
4.1520e+03	1.1306e+36
4.1880e+03	7.7892e+35
4.2240e+03	1.2711e+36
4.2600e+03	6.1562e+35
4.2960e+03	3.0884e+35
4.3320e+03	2.5630e+35
4.3680e+03	2.9617e+35
4.4040e+03	2.5925e+35
4.4400e+03	2.0031e+35
4.4760e+03	2.4784e+35
4.5120e+03	2.4439e+35
4.5480e+03	1.2809e+35
4.5840e+03	1.8566e+35
4.6200e+03	6.1383e+35
4.6560e+03	1.4057e+36
4.6920e+03	1.3618e+36
4.7280e+03	9.0523e+35
4.7640e+03	8.6102e+35
4.8000e+03	7.3787e+35
4.8360e+03	6.7142e+35
4.8720e+03	6.9632e+35
4.9080e+03	8.0027e+35
4.9440e+03	7.9264e+35
4.9800e+03	9.2446e+35
5.0160e+03	1.0857e+36
5.0520e+03	8.3784e+35
5.0880e+03	7.5915e+35
5.1240e+03	7.8373e+35
5.1600e+03	7.6108e+35
5.1960e+03	6.3551e+35
5.2320e+03	5.9974e+35
5.2680e+03	1.0828e+36
5.3040e+03	6.9747e+35
5.3400e+03	3.2066e+35
5.3760e+03	2.1040e+35
5.4120e+03	2.0693e+35
5.4480e+03	1.6440e+35
5.4840e+03	1.2414e+35
5.5200e+03	9.5191e+34
5.5560e+03	6.9636e+34
5.5920e+03	4.2000e+34
5.6280e+03	4.3915e+34
5.6640e+03	3.4510e+34
5.7000e+03	2.4158e+34
5.7360e+03	2.3946e+34
5.7720e+03	3.6443e+34
5.8080e+03	1.2335e+35
5.8440e+03	4.1515e+35
5.8800e+03	8.5672e+35
5.9160e+03	8.0475e+35
5.9520e+03	3.3973e+35
5.9880e+03	9.7506e+34
6.0240e+03	4.4212e+34
6.0600e+03	1.5633e+35
6.0960e+03	2.5845e+35
6.1320e+03	3.8870e+35
6.1680e+03	4.4739e+35
6.2040e+03	4.1206e+35
6.2400e+03	3.7627e+35
6.2760e+03	3.5688e+35
6.3120e+03	3.7109e+35
6.3480e+03	3.3162e+35
6.3840e+03	2.8073e+35
6.4200e+03	2.4968e+35
6.4560e+03	3.2504e+35
6.4920e+03	4.9739e+35
6.5280e+03	1.0021e+36
6.5640e+03	1.4061e+36
6.6000e+03	1.1991e+36
6.6360e+03	6.4272e+35
6.6720e+03	4.1732e+35
6.7080e+03	3.4854e+35
6.7440e+03	3.3789e+35
6.7800e+03	3.2414e+35
6.8160e+03	3.1793e+35
6.8520e+03	2.6611e+35
6.8880e+03	2.3386e+35
6.9240e+03	1.8236e+35
6.9600e+03	1.7001e+35
6.9960e+03	1.6702e+35
7.0320e+03	3.0870e+35
7.0680e+03	1.0842e+36
7.1040e+03	2.2600e+36
7.1400e+03	6.7219e+36
7.1760e+03	1.3796e+37
7.2120e+03	2.8888e+37
7.2480e+03	4.4854e+37
7.2840e+03	5.5447e+37
7.3200e+03	5.7601e+37
7.3560e+03	4.8735e+37
7.3920e+03	3.1559e+37
7.4280e+03	1.6545e+37
7.4640e+03	8.3412e+36
7.5000e+03	2.6802e+36
7.5360e+03	1.3312e+36
7.5720e+03	3.9112e+35
7.6080e+03	1.6163e+35
7.6440e+03	9.7155e+34
7.6800e+03	8.2162e+34
7.7160e+03	7.7354e+34
7.7520e+03	7.1239e+34
7.7880e+03	6.3305e+34
7.8240e+03	3.7701e+34
7.8600e+03	1.9283e+34
7.8960e+03	1.5656e+34
7.9320e+03	1.6516e+34
7.9680e+03	2.0022e+34
8.0040e+03	2.3116e+34
8.0400e+03	2.5941e+34
8.0760e+03	2.8751e+34
8.1120e+03	2.8500e+34
8.1480e+03	2.4737e+34
8.1840e+03	2.0821e+34
8.2200e+03	2.1153e+34
8.2560e+03	2.5248e+34
8.2920e+03	3.8124e+34
8.3280e+03	9.2116e+34
8.3640e+03	2.4438e+35
8.4000e+03	6.3076e+35
8.4360e+03	1.3748e+36
8.4720e+03	2.5062e+36
8.5080e+03	3.4963e+36
8.5440e+03	3.3806e+36
8.5800e+03	2.8973e+36
8.6160e+03	2.4961e+36
8.6520e+03	2.3449e+36
8.6880e+03	2.0013e+36
8.7240e+03	1.3876e+36
8.7600e+03	7.8992e+35
8.7960e+03	4.9207e+35
8.8320e+03	4.7434e+35
8.8680e+03	6.4865e+35
8.9040e+03	9.8505e+35
8.9400e+03	1.4516e+36
8.9760e+03	1.9543e+36
9.0120e+03	2.3004e+36
9.0480e+03	2.4772e+36
9.0840e+03	2.4749e+36
9.1200e+03	2.3127e+36
9.1560e+03	2.0142e+36
9.1920e+03	1.5872e+36
9.2280e+03	1.5570e+36
9.2640e+03	1.3762e+36
9.3000e+03	1.5123e+36
9.3360e+03	2.1013e+36
9.3720e+03	3.0067e+36
9.4080e+03	4.1638e+36
9.4440e+03	4.5854e+36
9.4800e+03	5.3793e+36
9.5160e+03	5.7893e+36
9.5520e+03	5.7857e+36
9.5880e+03	5.3656e+36
9.6240e+03	4.5522e+36
9.6600e+03	3.3664e+36
9.6960e+03	2.8431e+36
9.7320e+03	1.8310e+36
9.7680e+03	1.0462e+36
9.8040e+03	5.8272e+35
9.8400e+03	3.4586e+35
9.8760e+03	1.7312e+35
9.9120e+03	9.5598e+34
9.9480e+03	1.0293e+35
9.9840e+03	1.0054e+35
1.0020e+04	1.1950e+35
1.0056e+04	1.6081e+35
1.0092e+04	2.2579e+35
1.0128e+04	3.1612e+35
1.0164e+04	4.5595e+35
1.0200e+04	6.4172e+35
1.0236e+04	8.1748e+35
1.0272e+04	9.9943e+35
1.0308e+04	1.0628e+36
1.0344e+04	1.0294e+36
1.0380e+04	9.1677e+35
1.0416e+04	7.5802e+35
1.0452e+04	5.6350e+35
1.0488e+04	3.9713e+35
1.0524e+04	2.5789e+35
1.0560e+04	1.9619e+35
1.0596e+04	1.3352e+35
1.0632e+04	1.0413e+35
1.0668e+04	8.6634e+34
1.0704e+04	6.7937e+34
1.0740e+04	4.0688e+34
1.0776e+04	2.1920e+34
1.0812e+04	1.6432e+34
1.0848e+04	1.4362e+34
1.0884e+04	1.4647e+34
1.0920e+04	1.4577e+34
1.0956e+04	1.3740e+34
1.0992e+04	1.2802e+34
1.1028e+04	1.2331e+34
1.1064e+04	1.1618e+34
1.1100e+04	1.1292e+34
1.1136e+04	1.1588e+34
1.1172e+04	1.1243e+34
1.1208e+04	1.1919e+34
1.1244e+04	1.2123e+34
1.1280e+04	1.2198e+34
1.1316e+04	1.1635e+34
1.1352e+04	1.0579e+34
1.1388e+04	9.1615e+33
1.1424e+04	8.3802e+33
1.1460e+04	7.4308e+33
1.1496e+04	6.8954e+33
1.1532e+04	6.3874e+33
1.1568e+04	5.2068e+33
1.1604e+04	3.1038e+33
1.1640e+04	1.9851e+33
1.1676e+04	1.1534e+33
1.1712e+04	7.0509e+32
1.1748e+04	4.0127e+32
1.1784e+04	2.2462e+32
1.1820e+04	2.3867e+32
1.1856e+04	2.1507e+32
1.1892e+04	2.2016e+32
1.1928e+04	2.2986e+32
1.1964e+04	2.0338e+32
1.2000e+04	1.9995e+32
1.2036e+04	1.6611e+32
1.2072e+04	1.4195e+32
1.2108e+04	1.0907e+32
1.2144e+04	9.4175e+31
1.2180e+04	9.6725e+31
1.2216e+04	1.6866e+32
1.2252e+04	6.4889e+32
1.2288e+04	1.1676e+33
1.2324e+04	2.0324e+33
1.2360e+04	5.4232e+33
1.2396e+04	8.2509e+33
1.2432e+04	1.4165e+34
1.2468e+04	1.7995e+34
1.2504e+04	2.1766e+34
1.2540e+04	2.7765e+34
1.2576e+04	2.9711e+34
1.2612e+04	2.8629e+34
1.2648e+04	2.7210e+34
1.2684e+04	2.5926e+34
1.2720e+04	2.0785e+34
1.2756e+04	2.0103e+34
1.2792e+04	1.6052e+34
1.2828e+04	1.5008e+34
1.2864e+04	1.4038e+34
1.2900e+04	1.3366e+34
1.2936e+04	1.2480e+34
1.2972e+04	1.2161e+34
1.3008e+04	1.2334e+34
1.3044e+04	1.0849e+34
1.3080e+04	1.0684e+34
1.3116e+04	1.1631e+34
1.3152e+04	1.1009e+34
1.3188e+04	1.1295e+34
1.3224e+04	1.0885e+34
1.3260e+04	1.0235e+34
1.3296e+04	9.2108e+33
1.3332e+04	7.1157e+33
1.3368e+04	5.8163e+33
1.3404e+04	4.1225e+33
1.3440e+04	2.5074e+33
1.3476e+04	1.7593e+33
1.3512e+04	8.6803e+32
1.3548e+04	4.4891e+32
1.3584e+04	2.6666e+32
1.3620e+04	1.1983e+32
1.3656e+04	8.3195e+31
1.3692e+04	6.0646e+31
1.3728e+04	4.8548e+31
1.3764e+04	4.4705e+31
1.3800e+04	4.2444e+31
1.3836e+04	4.4257e+31
1.3872e+04	4.9779e+31
1.3908e+04	7.6252e+31
1.3944e+04	8.9786e+31
1.3980e+04	1.0767e+32
1.4016e+04	1.5747e+32
1.4052e+04	1.9018e+32
1.4088e+04	2.4663e+32
1.4124e+04	3.2030e+32
1.4160e+04	4.5234e+32
1.4196e+04	4.7727e+32
1.4232e+04	4.4643e+32
1.4268e+04	3.9674e+32
1.4304e+04	2.2375e+32
1.4340e+04	1.5883e+32
1.4376e+04	1.1969e+32
1.4412e+04	9.2465e+31
1.4448e+04	6.7141e+31
1.4484e+04	1.0720e+32
1.4520e+04	1.4159e+32
1.4556e+04	1.9470e+32
1.4592e+04	2.8789e+32
1.4628e+04	3.1598e+32
1.4664e+04	3.3607e+32
1.4700e+04	3.9302e+32
1.4736e+04	4.8533e+32
1.4772e+04	5.3910e+32
1.4808e+04	6.3892e+32
1.4844e+04	7.2234e+32
1.4880e+04	7.9468e+32
1.4916e+04	8.9763e+32
1.4952e+04	1.0632e+33
1.4988e+04	1.2071e+33
1.5024e+04	1.4235e+33
1.5060e+04	1.7531e+33
1.5096e+04	2.2983e+33
1.5132e+04	3.1324e+33
1.5168e+04	4.9073e+33
1.5204e+04	6.1723e+33
1.5240e+04	8.4634e+33
1.5276e+04	1.0242e+34
1.5312e+04	1.1854e+34
1.5348e+04	1.4365e+34
1.5384e+04	1.6091e+34
1.5420e+04	1.6795e+34
1.5456e+04	1.7018e+34
1.5492e+04	1.6499e+34
1.5528e+04	1.4954e+34
1.5564e+04	1.2781e+34
1.5600e+04	8.9790e+33
1.5636e+04	6.5589e+33
1.5672e+04	5.2430e+33
1.5708e+04	4.4135e+33
1.5744e+04	3.3057e+33
1.5780e+04	3.3325e+33
1.5816e+04	3.6325e+33
1.5852e+04	4.0065e+33
1.5888e+04	5.3013e+33
1.5924e+04	5.9569e+33
1.5960e+04	6.3480e+33
1.5996e+04	6.6427e+33
1.6032e+04	6.8137e+33
1.6068e+04	6.9437e+33
1.6104e+04	7.0047e+33
1.6140e+04	7.4344e+33
1.6176e+04	8.2628e+33
1.6212e+04	9.2163e+33
1.6248e+04	1.0772e+34
1.6284e+04	1.2633e+34
1.6320e+04	1.4833e+34
1.6356e+04	1.7342e+34
1.6392e+04	2.0975e+34
1.6428e+04	2.1734e+34
1.6464e+04	2.1403e+34
1.6500e+04	2.0748e+34
1.6536e+04	1.9136e+34
1.6572e+04	1.7536e+34
1.6608e+04	1.5779e+34
1.6644e+04	1.4274e+34
1.6680e+04	1.2858e+34
1.6716e+04	1.1392e+34
1.6752e+04	1.0024e+34
1.6788e+04	8.9139e+33
1.6824e+04	7.9123e+33
1.6860e+04	6.2508e+33
1.6896e+04	5.3923e+33
1.6932e+04	4.4453e+33
1.6968e+04	3.9875e+33
1.7004e+04	3.6817e+33
1.7040e+04	3.4651e+33
1.7076e+04	3.3827e+33
1.7112e+04	3.4150e+33
1.7148e+04	3.6645e+33
1.7184e+04	3.9815e+33
1.7220e+04	4.3763e+33
1.7256e+04	4.9037e+33
1.7292e+04	5.5511e+33
1.7328e+04	6.2010e+33
1.7364e+04	6.6200e+33
1.7400e+04	6.9014e+33
1.7436e+04	6.7181e+33
1.7472e+04	6.1828e+33
1.7508e+04	5.4322e+33
1.7544e+04	4.7372e+33
1.7580e+04	4.1754e+33
1.7616e+04	3.7708e+33
1.7652e+04	3.5153e+33
1.7688e+04	3.3947e+33
1.7724e+04	3.4526e+33
1.7760e+04	3.6799e+33
1.7796e+04	4.1235e+33
1.7832e+04	4.8594e+33
1.7868e+04	5.7881e+33
1.7904e+04	6.8142e+33
1.7940e+04	7.8394e+33
1.7976e+04	8.6308e+33
1.8012e+04	9.2389e+33
1.8048e+04	9.3521e+33
1.8084e+04	9.0754e+33
1.8120e+04	8.3806e+33
1.8156e+04	7.5205e+33
1.8192e+04	6.3889e+33
1.8228e+04	5.2674e+33
1.8264e+04	4.5908e+33
1.8300e+04	3.4988e+33
1.8336e+04	2.6399e+33
1.8372e+04	1.9844e+33
1.8408e+04	1.4442e+33
1.8444e+04	1.0751e+33
1.8480e+04	8.6535e+32
1.8516e+04	8.3369e+32
1.8552e+04	8.5085e+32
1.8588e+04	8.1190e+32
1.8624e+04	9.6646e+32
1.8660e+04	1.1420e+33
1.8696e+04	1.1981e+33
1.8732e+04	1.2647e+33
1.8768e+04	1.3944e+33
1.8804e+04	1.5271e+33
1.8840e+04	1.6575e+33
1.8876e+04	1.8120e+33
1.8912e+04	1.9701e+33
1.8948e+04	2.0831e+33
1.8984e+04	2.1318e+33
1.9020e+04	2.1386e+33
1.9056e+04	2.1742e+33
1.9092e+04	2.1899e+33
1.9128e+04	2.1677e+33
1.9164e+04	2.1568e+33
1.9200e+04	2.1364e+33
1.9236e+04	2.2108e+33
1.9272e+04	2.4208e+33
1.9308e+04	2.7032e+33
1.9344e+04	3.2310e+33
1.9380e+04	4.0262e+33
1.9416e+04	4.4091e+33
1.9452e+04	5.6257e+33
1.9488e+04	6.5658e+33
1.9524e+04	7.1220e+33
1.9560e+04	6.8932e+33
1.9596e+04	6.6897e+33
1.9632e+04	5.8378e+33
1.9668e+04	5.0193e+33
1.9704e+04	4.2226e+33
1.9740e+04	3.7320e+33
1.9776e+04	3.4809e+33
1.9812e+04	3.6854e+33
1.9848e+04	4.0388e+33
1.9884e+04	3.9007e+33
1.9920e+04	4.6911e+33
1.9956e+04	5.7393e+33
1.9992e+04	6.4411e+33
2.0028e+04	6.9158e+33
2.0064e+04	6.9423e+33
2.0100e+04	6.6041e+33
2.0136e+04	5.8384e+33
2.0172e+04	5.2893e+33
2.0208e+04	5.1953e+33
2.0244e+04	4.5045e+33
2.0280e+04	3.9714e+33
2.0316e+04	3.4013e+33
2.0352e+04	3.2416e+33
2.0388e+04	3.2414e+33
2.0424e+04	3.2015e+33
2.0460e+04	3.2268e+33
2.0496e+04	3.0687e+33
2.0532e+04	2.8950e+33
2.0568e+04	2.8357e+33
2.0604e+04	2.4109e+33
2.0640e+04	2.0860e+33
2.0676e+04	1.8662e+33
2.0712e+04	1.7379e+33
2.0748e+04	1.7814e+33
2.0784e+04	1.6414e+33
2.0820e+04	1.9187e+33
2.0856e+04	2.2448e+33
2.0892e+04	2.5328e+33
2.0928e+04	2.7575e+33
2.0964e+04	2.8348e+33
