3.0000e+03	1.0434e+35
3.0360e+03	4.0386e+34
3.0720e+03	1.0707e+34
3.1080e+03	5.1776e+33
3.1440e+03	1.0351e+34
3.1800e+03	3.0713e+34
3.2160e+03	2.0383e+35
3.2520e+03	3.7777e+35
3.2880e+03	1.9680e+35
3.3240e+03	3.1464e+35
3.3600e+03	4.4380e+35
3.3960e+03	1.4160e+35
3.4320e+03	5.4020e+34
3.4680e+03	7.1627e+34
3.5040e+03	6.8708e+34
3.5400e+03	5.2428e+34
3.5760e+03	2.4519e+34
3.6120e+03	2.2827e+34
3.6480e+03	6.7864e+34
3.6840e+03	3.3195e+35
3.7200e+03	5.3364e+35
3.7560e+03	3.8466e+35
3.7920e+03	8.6526e+34
3.8280e+03	3.4825e+34
3.8640e+03	9.3411e+34
3.9000e+03	2.2637e+36
3.9360e+03	7.0004e+36
3.9720e+03	7.6860e+36
4.0080e+03	5.0138e+36
4.0440e+03	7.4296e+36
4.0800e+03	8.4232e+36
4.1160e+03	5.5752e+36
4.1520e+03	2.1280e+36
4.1880e+03	2.8607e+36
4.2240e+03	5.4954e+36
4.2600e+03	3.4302e+36
4.2960e+03	8.2726e+35
4.3320e+03	6.5497e+35
4.3680e+03	8.9725e+35
4.4040e+03	9.1609e+35
4.4400e+03	8.4039e+35
4.4760e+03	1.1412e+36
4.5120e+03	9.7816e+35
4.5480e+03	5.7376e+35
4.5840e+03	8.4290e+35
4.6200e+03	2.9401e+36
4.6560e+03	6.2071e+36
4.6920e+03	5.6429e+36
4.7280e+03	4.1523e+36
4.7640e+03	3.3429e+36
4.8000e+03	2.1233e+36
4.8360e+03	1.1604e+36
4.8720e+03	1.2314e+36
4.9080e+03	1.7437e+36
4.9440e+03	1.8212e+36
4.9800e+03	2.5131e+36
5.0160e+03	2.9453e+36
5.0520e+03	2.1846e+36
5.0880e+03	1.3673e+36
5.1240e+03	1.5502e+36
5.1600e+03	1.7724e+36
5.1960e+03	1.7850e+36
5.2320e+03	3.0061e+36
5.2680e+03	4.3779e+36
5.3040e+03	3.1710e+36
5.3400e+03	1.1482e+36
5.3760e+03	7.0311e+35
5.4120e+03	6.6731e+35
5.4480e+03	4.8089e+35
5.4840e+03	3.1490e+35
5.5200e+03	2.7728e+35
5.5560e+03	2.1684e+35
5.5920e+03	1.3927e+35
5.6280e+03	1.0949e+35
5.6640e+03	8.1068e+34
5.7000e+03	4.6461e+34
5.7360e+03	4.4324e+34
5.7720e+03	7.4647e+34
5.8080e+03	3.8634e+35
5.8440e+03	1.6716e+36
5.8800e+03	2.9890e+36
5.9160e+03	2.8962e+36
5.9520e+03	1.3637e+36
5.9880e+03	2.4023e+35
6.0240e+03	8.2507e+34
6.0600e+03	2.3366e+35
6.0960e+03	5.3407e+35
6.1320e+03	8.4982e+35
6.1680e+03	1.0113e+36
6.2040e+03	9.3472e+35
6.2400e+03	8.4852e+35
6.2760e+03	6.5948e+35
6.3120e+03	6.3907e+35
6.3480e+03	5.8803e+35
6.3840e+03	4.1142e+35
6.4200e+03	2.9094e+35
6.4560e+03	4.5294e+35
6.4920e+03	1.5213e+36
6.5280e+03	3.3592e+36
6.5640e+03	4.6043e+36
6.6000e+03	3.8845e+36
6.6360e+03	2.2119e+36
6.6720e+03	7.1668e+35
6.7080e+03	5.1353e+35
6.7440e+03	4.6459e+35
6.7800e+03	4.4517e+35
6.8160e+03	4.2851e+35
6.8520e+03	3.7421e+35
6.8880e+03	3.0722e+35
6.9240e+03	2.6450e+35
6.9600e+03	2.1215e+35
6.9960e+03	2.5719e+35
7.0320e+03	5.6202e+35
7.0680e+03	1.5843e+36
7.1040e+03	4.2247e+36
7.1400e+03	9.4252e+36
7.1760e+03	2.3575e+37
7.2120e+03	5.2002e+37
7.2480e+03	8.2524e+37
7.2840e+03	9.8740e+37
7.3200e+03	1.0167e+38
7.3560e+03	8.6992e+37
7.3920e+03	5.8256e+37
7.4280e+03	2.9048e+37
7.4640e+03	1.2645e+37
7.5000e+03	4.6212e+36
7.5360e+03	1.7599e+36
7.5720e+03	7.4299e+35
7.6080e+03	2.4931e+35
7.6440e+03	9.7363e+34
7.6800e+03	6.6792e+34
7.7160e+03	5.0647e+34
7.7520e+03	3.3512e+34
7.7880e+03	1.9628e+34
7.8240e+03	9.3349e+33
7.8600e+03	5.4851e+33
7.8960e+03	4.9920e+33
7.9320e+03	6.7000e+33
7.9680e+03	1.1639e+34
8.0040e+03	1.7672e+34
8.0400e+03	2.6187e+34
8.0760e+03	3.0550e+34
8.1120e+03	3.1780e+34
8.1480e+03	2.7357e+34
8.1840e+03	2.4360e+34
8.2200e+03	2.3574e+34
8.2560e+03	2.9946e+34
8.2920e+03	7.7391e+34
8.3280e+03	2.2907e+35
8.3640e+03	6.2642e+35
8.4000e+03	2.6710e+36
8.4360e+03	5.5984e+36
8.4720e+03	8.9290e+36
8.5080e+03	1.1720e+37
8.5440e+03	1.2233e+37
8.5800e+03	1.1786e+37
8.6160e+03	9.6105e+36
8.6520e+03	7.8198e+36
8.6880e+03	6.2916e+36
8.7240e+03	4.7268e+36
8.7600e+03	2.4798e+36
8.7960e+03	1.2830e+36
8.8320e+03	1.0262e+36
8.8680e+03	1.3082e+36
8.9040e+03	1.8725e+36
8.9400e+03	2.7972e+36
8.9760e+03	3.3920e+36
9.0120e+03	3.7359e+36
9.0480e+03	3.9148e+36
9.0840e+03	3.9402e+36
9.1200e+03	3.8806e+36
9.1560e+03	3.7101e+36
9.1920e+03	3.3965e+36
9.2280e+03	2.8811e+36
9.2640e+03	2.8943e+36
9.3000e+03	3.2572e+36
9.3360e+03	4.3964e+36
9.3720e+03	5.6611e+36
9.4080e+03	7.2194e+36
9.4440e+03	8.3917e+36
9.4800e+03	8.9974e+36
9.5160e+03	9.1844e+36
9.5520e+03	9.1452e+36
9.5880e+03	8.7259e+36
9.6240e+03	8.2975e+36
9.6600e+03	7.0418e+36
9.6960e+03	5.3433e+36
9.7320e+03	3.8352e+36
9.7680e+03	2.3387e+36
9.8040e+03	1.4441e+36
9.8400e+03	8.2396e+35
9.8760e+03	4.5335e+35
9.9120e+03	2.7834e+35
9.9480e+03	1.9039e+35
9.9840e+03	1.7599e+35
1.0020e+04	1.9123e+35
1.0056e+04	2.6429e+35
1.0092e+04	3.9103e+35
1.0128e+04	6.4529e+35
1.0164e+04	9.5975e+35
1.0200e+04	1.3823e+36
1.0236e+04	1.7485e+36
1.0272e+04	2.0244e+36
1.0308e+04	2.1442e+36
1.0344e+04	2.1004e+36
1.0380e+04	1.9158e+36
1.0416e+04	1.5635e+36
1.0452e+04	1.1640e+36
1.0488e+04	7.7990e+35
1.0524e+04	5.4227e+35
1.0560e+04	3.4546e+35
1.0596e+04	2.3242e+35
1.0632e+04	1.5885e+35
1.0668e+04	1.1613e+35
1.0704e+04	8.0005e+34
1.0740e+04	5.2414e+34
1.0776e+04	2.9708e+34
1.0812e+04	2.2982e+34
1.0848e+04	2.1293e+34
1.0884e+04	2.2710e+34
1.0920e+04	2.2572e+34
1.0956e+04	1.7853e+34
1.0992e+04	1.1692e+34
1.1028e+04	7.9634e+33
1.1064e+04	5.9275e+33
1.1100e+04	4.8496e+33
1.1136e+04	4.7008e+33
1.1172e+04	4.9785e+33
1.1208e+04	6.0814e+33
1.1244e+04	6.7658e+33
1.1280e+04	7.2388e+33
1.1316e+04	7.0593e+33
1.1352e+04	6.0352e+33
1.1388e+04	4.7081e+33
1.1424e+04	2.9245e+33
1.1460e+04	1.8144e+33
1.1496e+04	8.2939e+32
1.1532e+04	4.4953e+32
1.1568e+04	2.2947e+32
1.1604e+04	1.6024e+32
1.1640e+04	1.4020e+32
1.1676e+04	1.4721e+32
1.1712e+04	2.2064e+32
1.1748e+04	3.2765e+32
1.1784e+04	4.8086e+32
1.1820e+04	7.2834e+32
1.1856e+04	8.5909e+32
1.1892e+04	9.5546e+32
1.1928e+04	9.8665e+32
1.1964e+04	9.3153e+32
1.2000e+04	7.8963e+32
1.2036e+04	6.6774e+32
1.2072e+04	5.2563e+32
1.2108e+04	3.7238e+32
1.2144e+04	2.3846e+32
1.2180e+04	2.0643e+32
1.2216e+04	3.4335e+32
1.2252e+04	7.1510e+32
1.2288e+04	1.4647e+33
1.2324e+04	4.0348e+33
1.2360e+04	7.7513e+33
1.2396e+04	1.3853e+34
1.2432e+04	2.2416e+34
1.2468e+04	3.6621e+34
1.2504e+04	4.5406e+34
1.2540e+04	5.2917e+34
1.2576e+04	5.7623e+34
1.2612e+04	5.8012e+34
1.2648e+04	5.5346e+34
1.2684e+04	5.0302e+34
1.2720e+04	4.5593e+34
1.2756e+04	3.5836e+34
1.2792e+04	3.3281e+34
1.2828e+04	3.0181e+34
1.2864e+04	2.8735e+34
1.2900e+04	2.5847e+34
1.2936e+04	2.4919e+34
1.2972e+04	2.3758e+34
1.3008e+04	2.2739e+34
1.3044e+04	2.1901e+34
1.3080e+04	2.1621e+34
1.3116e+04	2.1925e+34
1.3152e+04	2.2326e+34
1.3188e+04	2.2055e+34
1.3224e+04	2.2144e+34
1.3260e+04	2.0728e+34
1.3296e+04	1.8290e+34
1.3332e+04	1.5076e+34
1.3368e+04	1.1720e+34
1.3404e+04	7.3983e+33
1.3440e+04	4.9073e+33
1.3476e+04	2.5442e+33
1.3512e+04	1.5058e+33
1.3548e+04	9.0765e+32
1.3584e+04	5.6999e+32
1.3620e+04	3.2788e+32
1.3656e+04	1.9690e+32
1.3692e+04	1.3143e+32
1.3728e+04	9.6514e+31
1.3764e+04	8.1989e+31
1.3800e+04	8.2758e+31
1.3836e+04	1.0864e+32
1.3872e+04	1.5575e+32
1.3908e+04	2.1654e+32
1.3944e+04	2.7997e+32
1.3980e+04	3.7476e+32
1.4016e+04	5.3024e+32
1.4052e+04	7.8470e+32
1.4088e+04	1.1173e+33
1.4124e+04	1.4560e+33
1.4160e+04	1.6918e+33
1.4196e+04	1.7631e+33
1.4232e+04	1.6726e+33
1.4268e+04	1.4066e+33
1.4304e+04	1.0291e+33
1.4340e+04	6.5663e+32
1.4376e+04	3.8149e+32
1.4412e+04	2.5268e+32
1.4448e+04	2.5647e+32
1.4484e+04	3.4391e+32
1.4520e+04	4.6487e+32
1.4556e+04	5.7522e+32
1.4592e+04	6.4339e+32
1.4628e+04	6.6174e+32
1.4664e+04	6.3595e+32
1.4700e+04	5.8455e+32
1.4736e+04	5.6188e+32
1.4772e+04	6.1450e+32
1.4808e+04	6.2818e+32
1.4844e+04	8.0211e+32
1.4880e+04	1.0331e+33
1.4916e+04	1.2479e+33
1.4952e+04	1.4353e+33
1.4988e+04	1.6550e+33
1.5024e+04	1.9737e+33
1.5060e+04	2.6020e+33
1.5096e+04	3.8647e+33
1.5132e+04	4.9495e+33
1.5168e+04	7.3968e+33
1.5204e+04	1.0691e+34
1.5240e+04	1.4734e+34
1.5276e+04	2.0076e+34
1.5312e+04	2.6504e+34
1.5348e+04	3.4133e+34
1.5384e+04	4.0635e+34
1.5420e+04	4.5996e+34
1.5456e+04	4.6017e+34
1.5492e+04	4.4735e+34
1.5528e+04	4.0410e+34
1.5564e+04	3.2831e+34
1.5600e+04	2.5546e+34
1.5636e+04	1.6868e+34
1.5672e+04	1.2190e+34
1.5708e+04	7.2405e+33
1.5744e+04	4.6732e+33
1.5780e+04	4.5738e+33
1.5816e+04	5.8176e+33
1.5852e+04	7.2425e+33
1.5888e+04	9.0089e+33
1.5924e+04	9.5902e+33
1.5960e+04	1.0781e+34
1.5996e+04	1.1358e+34
1.6032e+04	1.1283e+34
1.6068e+04	1.1616e+34
1.6104e+04	1.1298e+34
1.6140e+04	1.1625e+34
1.6176e+04	1.1778e+34
1.6212e+04	1.5314e+34
1.6248e+04	2.0078e+34
1.6284e+04	2.5644e+34
1.6320e+04	2.8794e+34
1.6356e+04	3.4199e+34
1.6392e+04	3.8212e+34
1.6428e+04	3.9767e+34
1.6464e+04	4.0326e+34
1.6500e+04	3.8890e+34
1.6536e+04	3.5608e+34
1.6572e+04	3.4340e+34
1.6608e+04	2.8428e+34
1.6644e+04	2.4400e+34
1.6680e+04	2.2822e+34
1.6716e+04	1.9156e+34
1.6752e+04	1.6467e+34
1.6788e+04	1.4141e+34
1.6824e+04	1.2687e+34
1.6860e+04	1.0847e+34
1.6896e+04	8.7260e+33
1.6932e+04	7.6992e+33
1.6968e+04	6.2124e+33
1.7004e+04	5.1224e+33
1.7040e+04	4.5822e+33
1.7076e+04	4.6203e+33
1.7112e+04	4.7297e+33
1.7148e+04	5.5533e+33
1.7184e+04	7.0726e+33
1.7220e+04	8.0424e+33
1.7256e+04	1.0938e+34
1.7292e+04	1.3719e+34
1.7328e+04	1.4854e+34
1.7364e+04	1.7028e+34
1.7400e+04	1.7656e+34
1.7436e+04	1.8226e+34
1.7472e+04	1.7372e+34
1.7508e+04	1.7140e+34
1.7544e+04	1.5337e+34
1.7580e+04	1.2779e+34
1.7616e+04	1.1830e+34
1.7652e+04	1.0058e+34
1.7688e+04	8.9589e+33
1.7724e+04	8.4138e+33
1.7760e+04	8.5801e+33
1.7796e+04	8.8713e+33
1.7832e+04	9.8422e+33
1.7868e+04	1.1272e+34
1.7904e+04	1.3652e+34
1.7940e+04	1.4828e+34
1.7976e+04	1.6884e+34
1.8012e+04	1.7393e+34
1.8048e+04	1.8057e+34
1.8084e+04	1.7572e+34
1.8120e+04	1.6420e+34
1.8156e+04	1.4208e+34
1.8192e+04	1.2526e+34
1.8228e+04	9.4548e+33
1.8264e+04	7.6493e+33
1.8300e+04	5.1815e+33
1.8336e+04	3.8979e+33
1.8372e+04	2.2793e+33
1.8408e+04	1.4572e+33
1.8444e+04	8.1949e+32
1.8480e+04	4.0197e+32
1.8516e+04	2.7699e+32
1.8552e+04	1.3889e+32
1.8588e+04	1.0360e+32
1.8624e+04	8.4373e+31
1.8660e+04	9.3536e+31
1.8696e+04	1.6655e+32
1.8732e+04	2.3028e+32
1.8768e+04	3.9696e+32
1.8804e+04	5.1226e+32
1.8840e+04	7.5184e+32
1.8876e+04	8.9047e+32
1.8912e+04	1.1723e+33
1.8948e+04	1.2784e+33
1.8984e+04	1.4506e+33
1.9020e+04	1.5115e+33
1.9056e+04	1.5349e+33
1.9092e+04	1.5623e+33
1.9128e+04	1.4929e+33
1.9164e+04	1.5876e+33
1.9200e+04	1.5942e+33
1.9236e+04	2.4736e+33
1.9272e+04	3.6757e+33
1.9308e+04	7.2870e+33
1.9344e+04	9.9827e+33
1.9380e+04	1.3963e+34
1.9416e+04	1.9751e+34
1.9452e+04	2.4451e+34
1.9488e+04	2.7828e+34
1.9524e+04	2.9559e+34
1.9560e+04	2.8990e+34
1.9596e+04	2.7757e+34
1.9632e+04	2.2879e+34
1.9668e+04	1.9177e+34
1.9704e+04	1.4166e+34
1.9740e+04	1.2221e+34
1.9776e+04	9.5595e+33
1.9812e+04	1.0122e+34
1.9848e+04	1.0135e+34
1.9884e+04	1.1737e+34
1.9920e+04	1.5181e+34
1.9956e+04	1.7115e+34
1.9992e+04	1.9762e+34
2.0028e+04	2.0459e+34
2.0064e+04	2.0972e+34
2.0100e+04	2.0183e+34
2.0136e+04	1.8977e+34
2.0172e+04	1.5792e+34
2.0208e+04	1.4075e+34
2.0244e+04	1.2019e+34
2.0280e+04	9.2318e+33
2.0316e+04	7.7694e+33
2.0352e+04	6.5724e+33
2.0388e+04	6.1874e+33
2.0424e+04	5.6223e+33
2.0460e+04	5.3074e+33
2.0496e+04	5.0315e+33
2.0532e+04	4.4203e+33
2.0568e+04	3.9911e+33
2.0604e+04	3.5720e+33
2.0640e+04	2.6168e+33
2.0676e+04	2.6508e+33
2.0712e+04	2.6800e+33
2.0748e+04	2.5901e+33
2.0784e+04	3.8791e+33
2.0820e+04	4.4330e+33
2.0856e+04	5.2386e+33
2.0892e+04	6.6264e+33
2.0928e+04	6.9924e+33
2.0964e+04	7.3251e+33
