3.0000e+03	4.5292e+35
3.0360e+03	4.1864e+35
3.0720e+03	2.0868e+35
3.1080e+03	3.1261e+35
3.1440e+03	8.3432e+35
3.1800e+03	4.7005e+36
3.2160e+03	1.2725e+37
3.2520e+03	1.6205e+37
3.2880e+03	1.7174e+37
3.3240e+03	2.0968e+37
3.3600e+03	2.0542e+37
3.3960e+03	1.1633e+37
3.4320e+03	3.8480e+36
3.4680e+03	3.3563e+36
3.5040e+03	3.2734e+36
3.5400e+03	2.0444e+36
3.5760e+03	7.6406e+35
3.6120e+03	7.1550e+35
3.6480e+03	1.7513e+36
3.6840e+03	2.2771e+36
3.7200e+03	2.5391e+36
3.7560e+03	2.4458e+36
3.7920e+03	1.8827e+36
3.8280e+03	2.2755e+36
3.8640e+03	1.2055e+37
3.9000e+03	2.7561e+37
3.9360e+03	4.0129e+37
3.9720e+03	4.8449e+37
4.0080e+03	4.1063e+37
4.0440e+03	2.4884e+37
4.0800e+03	1.8114e+37
4.1160e+03	2.2645e+37
4.1520e+03	2.9431e+37
4.1880e+03	2.6684e+37
4.2240e+03	2.2742e+37
4.2600e+03	1.9500e+37
4.2960e+03	1.5866e+37
4.3320e+03	1.3579e+37
4.3680e+03	1.1824e+37
4.4040e+03	1.2321e+37
4.4400e+03	1.4593e+37
4.4760e+03	1.4267e+37
4.5120e+03	1.3258e+37
4.5480e+03	1.2508e+37
4.5840e+03	3.4168e+37
4.6200e+03	6.4306e+37
4.6560e+03	9.2003e+37
4.6920e+03	1.0507e+38
4.7280e+03	8.3275e+37
4.7640e+03	5.6909e+37
4.8000e+03	3.7739e+37
4.8360e+03	2.5577e+37
4.8720e+03	2.3149e+37
4.9080e+03	2.8770e+37
4.9440e+03	3.5012e+37
4.9800e+03	3.8109e+37
5.0160e+03	3.4695e+37
5.0520e+03	2.8548e+37
5.0880e+03	2.1056e+37
5.1240e+03	1.4930e+37
5.1600e+03	1.6060e+37
5.1960e+03	2.6133e+37
5.2320e+03	4.1251e+37
5.2680e+03	4.4869e+37
5.3040e+03	3.8328e+37
5.3400e+03	2.4809e+37
5.3760e+03	1.2923e+37
5.4120e+03	6.9244e+36
5.4480e+03	5.3358e+36
5.4840e+03	4.0258e+36
5.5200e+03	2.9198e+36
5.5560e+03	2.2666e+36
5.5920e+03	1.8206e+36
5.6280e+03	1.4031e+36
5.6640e+03	1.0234e+36
5.7000e+03	7.7198e+35
5.7360e+03	9.1975e+35
5.7720e+03	3.8589e+36
5.8080e+03	9.7169e+36
5.8440e+03	1.5316e+37
5.8800e+03	1.9958e+37
5.9160e+03	1.9598e+37
5.9520e+03	1.4396e+37
5.9880e+03	7.7167e+36
6.0240e+03	4.0458e+36
6.0600e+03	3.2321e+36
6.0960e+03	5.2742e+36
6.1320e+03	6.7893e+36
6.1680e+03	8.4480e+36
6.2040e+03	7.4425e+36
6.2400e+03	6.2618e+36
6.2760e+03	4.1490e+36
6.3120e+03	3.1061e+36
6.3480e+03	2.2783e+36
6.3840e+03	2.3662e+36
6.4200e+03	3.8873e+36
6.4560e+03	4.4022e+36
6.4920e+03	4.3131e+36
6.5280e+03	4.9909e+36
6.5640e+03	5.5099e+36
6.6000e+03	5.3443e+36
6.6360e+03	4.4926e+36
6.6720e+03	3.8628e+36
6.7080e+03	2.9975e+36
6.7440e+03	1.8576e+36
6.7800e+03	1.1378e+36
6.8160e+03	1.3290e+36
6.8520e+03	1.6466e+36
6.8880e+03	1.7906e+36
6.9240e+03	1.6745e+36
6.9600e+03	1.8427e+36
6.9960e+03	2.5783e+36
7.0320e+03	4.8898e+36
7.0680e+03	1.1402e+37
7.1040e+03	2.7673e+37
7.1400e+03	4.9106e+37
7.1760e+03	6.4479e+37
7.2120e+03	6.7908e+37
7.2480e+03	7.1271e+37
7.2840e+03	7.3794e+37
7.3200e+03	7.3622e+37
7.3560e+03	6.9793e+37
7.3920e+03	6.5154e+37
7.4280e+03	6.0924e+37
7.4640e+03	4.9902e+37
7.5000e+03	3.0377e+37
7.5360e+03	1.2230e+37
7.5720e+03	4.0694e+36
7.6080e+03	1.4098e+36
7.6440e+03	5.6820e+35
7.6800e+03	3.5716e+35
7.7160e+03	2.5169e+35
7.7520e+03	2.1168e+35
7.7880e+03	2.3311e+35
7.8240e+03	2.7631e+35
7.8600e+03	3.1683e+35
7.8960e+03	3.3401e+35
7.9320e+03	3.7962e+35
7.9680e+03	3.8720e+35
8.0040e+03	3.8428e+35
8.0400e+03	3.4609e+35
8.0760e+03	2.5175e+35
8.1120e+03	2.0107e+35
8.1480e+03	1.9384e+35
8.1840e+03	2.1011e+35
8.2200e+03	3.3563e+35
8.2560e+03	1.0331e+36
8.2920e+03	3.7944e+36
8.3280e+03	8.0240e+36
8.3640e+03	1.0202e+37
8.4000e+03	1.2543e+37
8.4360e+03	1.5847e+37
8.4720e+03	1.9771e+37
8.5080e+03	2.1963e+37
8.5440e+03	2.2809e+37
8.5800e+03	2.2663e+37
8.6160e+03	2.1167e+37
8.6520e+03	1.9904e+37
8.6880e+03	1.8470e+37
8.7240e+03	1.5056e+37
8.7600e+03	1.2170e+37
8.7960e+03	1.0515e+37
8.8320e+03	1.0769e+37
8.8680e+03	9.8500e+36
8.9040e+03	7.5302e+36
8.9400e+03	7.0672e+36
8.9760e+03	6.8246e+36
9.0120e+03	6.6520e+36
9.0480e+03	6.6902e+36
9.0840e+03	7.1564e+36
9.1200e+03	7.6787e+36
9.1560e+03	8.7683e+36
9.1920e+03	1.1202e+37
9.2280e+03	1.2853e+37
9.2640e+03	1.7645e+37
9.3000e+03	2.0761e+37
9.3360e+03	2.0352e+37
9.3720e+03	1.8558e+37
9.4080e+03	1.7691e+37
9.4440e+03	1.7245e+37
9.4800e+03	1.7032e+37
9.5160e+03	1.6795e+37
9.5520e+03	1.6723e+37
9.5880e+03	1.6777e+37
9.6240e+03	1.6711e+37
9.6600e+03	1.6680e+37
9.6960e+03	1.6347e+37
9.7320e+03	1.6290e+37
9.7680e+03	1.5673e+37
9.8040e+03	1.2352e+37
9.8400e+03	7.8247e+36
9.8760e+03	6.0484e+36
9.9120e+03	3.5160e+36
9.9480e+03	2.6090e+36
9.9840e+03	2.5239e+36
1.0020e+04	2.6790e+36
1.0056e+04	3.1838e+36
1.0092e+04	3.5611e+36
1.0128e+04	3.6170e+36
1.0164e+04	3.5503e+36
1.0200e+04	3.5673e+36
1.0236e+04	3.6021e+36
1.0272e+04	3.6066e+36
1.0308e+04	3.5852e+36
1.0344e+04	3.6069e+36
1.0380e+04	3.6486e+36
1.0416e+04	3.7681e+36
1.0452e+04	3.8394e+36
1.0488e+04	4.0452e+36
1.0524e+04	4.1176e+36
1.0560e+04	3.9766e+36
1.0596e+04	3.2494e+36
1.0632e+04	2.4683e+36
1.0668e+04	2.0366e+36
1.0704e+04	1.5855e+36
1.0740e+04	1.2528e+36
1.0776e+04	1.1107e+36
1.0812e+04	9.4564e+35
1.0848e+04	8.4496e+35
1.0884e+04	7.7533e+35
1.0920e+04	7.0952e+35
1.0956e+04	6.2507e+35
1.0992e+04	5.4370e+35
1.1028e+04	4.0130e+35
1.1064e+04	3.3635e+35
1.1100e+04	2.2189e+35
1.1136e+04	1.7947e+35
1.1172e+04	1.4112e+35
1.1208e+04	1.2783e+35
1.1244e+04	1.1227e+35
1.1280e+04	9.2394e+34
1.1316e+04	7.9721e+34
1.1352e+04	5.8554e+34
1.1388e+04	4.4781e+34
1.1424e+04	3.4300e+34
1.1460e+04	2.7323e+34
1.1496e+04	1.7567e+34
1.1532e+04	1.2301e+34
1.1568e+04	7.3135e+33
1.1604e+04	6.9973e+33
1.1640e+04	6.7238e+33
1.1676e+04	8.6022e+33
1.1712e+04	1.0824e+34
1.1748e+04	1.2356e+34
1.1784e+04	1.4812e+34
1.1820e+04	1.5676e+34
1.1856e+04	1.6505e+34
1.1892e+04	1.6306e+34
1.1928e+04	1.6307e+34
1.1964e+04	1.4187e+34
1.2000e+04	1.2593e+34
1.2036e+04	1.1025e+34
1.2072e+04	8.0875e+33
1.2108e+04	6.3081e+33
1.2144e+04	4.2181e+33
1.2180e+04	3.9772e+33
1.2216e+04	4.5214e+33
1.2252e+04	1.0382e+34
1.2288e+04	1.4419e+34
1.2324e+04	1.8603e+34
1.2360e+04	2.5874e+34
1.2396e+04	4.1719e+34
1.2432e+04	5.2647e+34
1.2468e+04	7.2602e+34
1.2504e+04	9.7307e+34
1.2540e+04	1.0960e+35
1.2576e+04	1.3162e+35
1.2612e+04	1.4250e+35
1.2648e+04	1.4534e+35
1.2684e+04	1.5006e+35
1.2720e+04	1.4879e+35
1.2756e+04	1.3724e+35
1.2792e+04	1.3314e+35
1.2828e+04	1.2029e+35
1.2864e+04	1.0648e+35
1.2900e+04	9.9827e+34
1.2936e+04	9.4906e+34
1.2972e+04	8.3308e+34
1.3008e+04	8.3011e+34
1.3044e+04	7.9962e+34
1.3080e+04	7.7642e+34
1.3116e+04	7.3900e+34
1.3152e+04	7.3605e+34
1.3188e+04	6.9131e+34
1.3224e+04	6.3300e+34
1.3260e+04	5.6019e+34
1.3296e+04	4.4590e+34
1.3332e+04	3.8015e+34
1.3368e+04	3.0868e+34
1.3404e+04	2.4310e+34
1.3440e+04	1.9174e+34
1.3476e+04	1.5234e+34
1.3512e+04	1.3430e+34
1.3548e+04	1.0554e+34
1.3584e+04	9.4265e+33
1.3620e+04	8.1885e+33
1.3656e+04	7.3990e+33
1.3692e+04	6.3186e+33
1.3728e+04	5.6994e+33
1.3764e+04	4.9971e+33
1.3800e+04	4.3859e+33
1.3836e+04	3.9077e+33
1.3872e+04	4.2303e+33
1.3908e+04	4.4442e+33
1.3944e+04	4.8677e+33
1.3980e+04	5.1866e+33
1.4016e+04	5.9495e+33
1.4052e+04	6.8501e+33
1.4088e+04	8.0758e+33
1.4124e+04	9.8700e+33
1.4160e+04	1.0166e+34
1.4196e+04	1.0429e+34
1.4232e+04	1.0230e+34
1.4268e+04	9.9644e+33
1.4304e+04	9.0116e+33
1.4340e+04	8.6276e+33
1.4376e+04	6.4946e+33
1.4412e+04	5.8901e+33
1.4448e+04	5.3171e+33
1.4484e+04	4.9959e+33
1.4520e+04	4.6886e+33
1.4556e+04	4.6115e+33
1.4592e+04	4.3190e+33
1.4628e+04	4.3904e+33
1.4664e+04	4.2867e+33
1.4700e+04	3.9003e+33
1.4736e+04	3.7360e+33
1.4772e+04	3.4077e+33
1.4808e+04	3.2094e+33
1.4844e+04	3.1349e+33
1.4880e+04	3.0550e+33
1.4916e+04	3.3913e+33
1.4952e+04	5.0517e+33
1.4988e+04	6.4335e+33
1.5024e+04	8.2039e+33
1.5060e+04	1.1572e+34
1.5096e+04	2.8438e+34
1.5132e+04	4.9889e+34
1.5168e+04	7.9637e+34
1.5204e+04	1.1717e+35
1.5240e+04	1.5842e+35
1.5276e+04	2.0043e+35
1.5312e+04	2.4225e+35
1.5348e+04	2.8278e+35
1.5384e+04	3.1106e+35
1.5420e+04	3.3471e+35
1.5456e+04	3.4370e+35
1.5492e+04	3.4489e+35
1.5528e+04	3.3740e+35
1.5564e+04	3.2309e+35
1.5600e+04	2.9913e+35
1.5636e+04	2.6860e+35
1.5672e+04	2.2911e+35
1.5708e+04	1.8870e+35
1.5744e+04	1.1177e+35
1.5780e+04	7.8091e+34
1.5816e+04	5.1988e+34
1.5852e+04	3.4521e+34
1.5888e+04	2.4912e+34
1.5924e+04	2.2865e+34
1.5960e+04	2.2726e+34
1.5996e+04	2.4178e+34
1.6032e+04	2.6333e+34
1.6068e+04	2.8614e+34
1.6104e+04	2.9745e+34
1.6140e+04	3.3472e+34
1.6176e+04	3.6718e+34
1.6212e+04	4.0763e+34
1.6248e+04	4.6147e+34
1.6284e+04	5.4039e+34
1.6320e+04	5.8447e+34
1.6356e+04	6.7102e+34
1.6392e+04	7.0751e+34
1.6428e+04	7.3910e+34
1.6464e+04	7.4392e+34
1.6500e+04	7.4774e+34
1.6536e+04	7.0994e+34
1.6572e+04	6.8646e+34
1.6608e+04	6.4690e+34
1.6644e+04	5.9912e+34
1.6680e+04	5.4400e+34
1.6716e+04	4.9980e+34
1.6752e+04	4.5472e+34
1.6788e+04	4.0963e+34
1.6824e+04	3.6175e+34
1.6860e+04	3.1433e+34
1.6896e+04	2.6712e+34
1.6932e+04	2.3360e+34
1.6968e+04	2.2064e+34
1.7004e+04	2.3418e+34
1.7040e+04	2.9404e+34
1.7076e+04	3.9142e+34
1.7112e+04	5.1843e+34
1.7148e+04	6.7004e+34
1.7184e+04	8.2600e+34
1.7220e+04	9.9933e+34
1.7256e+04	1.1873e+35
1.7292e+04	1.3592e+35
1.7328e+04	1.5212e+35
1.7364e+04	1.6533e+35
1.7400e+04	1.7561e+35
1.7436e+04	1.8278e+35
1.7472e+04	1.8643e+35
1.7508e+04	1.9203e+35
1.7544e+04	1.8307e+35
1.7580e+04	1.7736e+35
1.7616e+04	1.6555e+35
1.7652e+04	1.5276e+35
1.7688e+04	1.3821e+35
1.7724e+04	1.2230e+35
1.7760e+04	1.0613e+35
1.7796e+04	8.9703e+34
1.7832e+04	7.6379e+34
1.7868e+04	6.5291e+34
1.7904e+04	5.6984e+34
1.7940e+04	5.0727e+34
1.7976e+04	4.4053e+34
1.8012e+04	3.9471e+34
1.8048e+04	3.9911e+34
1.8084e+04	3.4814e+34
1.8120e+04	3.0620e+34
1.8156e+04	2.7867e+34
1.8192e+04	2.5817e+34
1.8228e+04	2.2069e+34
1.8264e+04	1.9107e+34
1.8300e+04	1.6377e+34
1.8336e+04	1.3491e+34
1.8372e+04	1.0532e+34
1.8408e+04	8.0087e+33
1.8444e+04	5.6695e+33
1.8480e+04	3.8425e+33
1.8516e+04	3.2342e+33
1.8552e+04	2.1689e+33
1.8588e+04	1.4352e+33
1.8624e+04	1.1059e+33
1.8660e+04	1.2235e+33
1.8696e+04	1.9999e+33
1.8732e+04	2.6356e+33
1.8768e+04	3.4563e+33
1.8804e+04	3.4738e+33
1.8840e+04	4.4147e+33
1.8876e+04	5.2957e+33
1.8912e+04	5.9816e+33
1.8948e+04	7.3762e+33
1.8984e+04	9.0023e+33
1.9020e+04	9.9110e+33
1.9056e+04	1.4078e+34
1.9092e+04	1.9443e+34
1.9128e+04	2.6335e+34
1.9164e+04	2.6934e+34
1.9200e+04	3.8852e+34
1.9236e+04	4.8647e+34
1.9272e+04	6.2880e+34
1.9308e+04	7.8890e+34
1.9344e+04	9.5187e+34
1.9380e+04	9.9099e+34
1.9416e+04	1.1403e+35
1.9452e+04	1.2349e+35
1.9488e+04	1.3689e+35
1.9524e+04	1.4495e+35
1.9560e+04	1.5019e+35
1.9596e+04	1.5890e+35
1.9632e+04	1.6838e+35
1.9668e+04	1.7937e+35
1.9704e+04	1.8800e+35
1.9740e+04	1.8118e+35
1.9776e+04	1.8352e+35
1.9812e+04	2.0139e+35
1.9848e+04	2.0677e+35
1.9884e+04	2.1001e+35
1.9920e+04	2.0959e+35
1.9956e+04	1.9671e+35
1.9992e+04	1.9285e+35
2.0028e+04	1.9359e+35
2.0064e+04	1.8599e+35
2.0100e+04	1.7914e+35
2.0136e+04	1.7972e+35
2.0172e+04	1.6763e+35
2.0208e+04	1.5540e+35
2.0244e+04	1.3909e+35
2.0280e+04	1.2114e+35
2.0316e+04	1.0294e+35
2.0352e+04	1.0225e+35
2.0388e+04	8.3710e+34
2.0424e+04	6.6646e+34
2.0460e+04	5.5826e+34
2.0496e+04	4.6715e+34
2.0532e+04	4.5017e+34
2.0568e+04	4.0649e+34
2.0604e+04	3.9866e+34
2.0640e+04	4.3638e+34
2.0676e+04	3.8889e+34
2.0712e+04	4.5360e+34
2.0748e+04	5.0992e+34
2.0784e+04	5.7332e+34
2.0820e+04	6.1479e+34
2.0856e+04	6.0693e+34
2.0892e+04	6.8767e+34
2.0928e+04	7.5092e+34
2.0964e+04	8.5563e+34
